              precision    recall  f1-score   support

           .       1.00      1.00      1.00        45
          CC       0.80      0.89      0.84        27
         DET       0.00      0.00      0.00         0
         DIS       0.61      0.53      0.57       155
          DT       0.81      0.27      0.41        48
          IN       0.78      0.87      0.82        53
          JJ       0.83      0.65      0.73        23
          NN       0.59      0.90      0.71        68
         PRP       0.84      0.74      0.78        69
          RB       0.89      0.85      0.87        88
          RP       0.00      0.00      0.00         1
          UH       0.92      1.00      0.96        22
          VB       0.85      0.68      0.76        73
          WP       0.35      0.55      0.43        11

    accuracy                           0.72       683
   macro avg       0.66      0.64      0.63       683
weighted avg       0.76      0.72      0.73       683
